1804289383 1190008377
846930886 9501214
1681692777 742357966
1714636915 444438409
1957747793 134431161
424238335 402721979
719885386 270112044
1649760492 1155227242
596516649 476308501
1189641421 1026995005
1025202362 369524526
1350490027 115768525
783368690 128781574
1102520059 794945957
2044897763 525021698
1967513926 1202472002
1365180540 718629814
1540383426 1527890008
304089172 219173622
1303455736 72850430
35005211 32895570
521595368 324916694
294702567 183761521
1726956429 992055442
336465782 47459012
861021530 394191254
278722862 76296070
233665123 202549164
2145174067 1745191260
468703135 11282359
1101513929 1092941761
1801979802 393444958
1315634022 855060862
635723058 557940082
1369133069 416017631
1125898167 426745258
1059961393 866659529
2089018456 101422542
628175011 274383911
1656478042 158353442
1131176229 778866802
1653377373 1576568200
859484421 731620102
1914544919 120626132
608413784 169934934
756898537 58946343
1734575198 273830734
1973594324 1866382218
149798315 84760904
2038664370 1847515654
1129566413 157937244
184803526 150496144
412776091 336475073
1424268980 129480814
1911759956 1720023158
749241873 353186023
137806862 88508746
42999170 1638164
982906996 513000390
135497281 79014386
511702305 389240449
2084420925 1708688029
1937477084 490818622
1827336327 314296213
572660336 310139630
1159126505 1081657949
805750846 738718898
1632621729 651390559
1100661313 65789714
1433925857 933378653
1141616124 216772582
84353895 17465494
939819582 69317806
2001100545 946538374
1998898814 1321902102
1548233367 150257914
610515434 529740294
1585990364 1061756098
1374344043 1144447075
760313750 410706104
1477171087 966325917
356426808 330752134
945117276 566296666
1889947178 58695214
1780695788 1583317062
709393584 615812830
491705403 466490056
1918502651 697630426
752392754 542594364
1474612399 47749896
2053999932 198147682
1264095060 943869214
1411549676 437802578
1843993368 883507846
943947739 53460922
1984210012 591589678
855636226 423196126
1749698586 1315862194
1469348094 971172988
1956297539 729119640
1036140795 184356454
