2345198048497016024540218506130157107417447916516792493171028439800311718144237261143852632272235547588490547190597694212481229490814966799663491524323272 5956483458712991362443005353310676514455358302010038190357695297892267991743640715153287074137855117495011589479696139534661775279686566420958037034922061
4820212517533555133230686302621817251237741011893245911851735097683289487093486542630198502237204186696013981280817895656381956680534623127099515385069322 6340434221288673565559282940716549746604397723123693518526827532890683523245836031652672033668265503935610590825231461677018074032356932737764536085112861
4915838498169552505828100325629330226271041612704165020224465031920366144173778179175118955422861114635596186524497983212356820464139559066850955488760883 8198263687449418869355703598196974137347679866079822409357529568619194133302828242704803282262352814765823123155446147236528630131880924951008694115000237
6677395134344879378251684745039161978709735795240062478706859965043267002955266797898074858451093129396821204846644996210960831380714185298672389269973922 6830292786794118193925277796784238076353471818434269821744750545059396334818398772192815777669146020333387085435586729342907916913236841764072462990542127
1311412397883342898768841223679218885012055843389454351727894267883904241447269385081665225076228146674111083930521915854627162448787639642969089094198638 9470855446322036609886894811566896503779483646129926516439673307830552744927263544795667755203342173967482864313732837868568359883531154180253235702398441
1120657432172346867868246474448543751044610180493037585560471408925329679309878550903486340782202485276119293717004948567409528523613694095601088082516833 4690241394571381866220480325135422418662112823459856885286938045846324870791537131266147688174163523189308285472001263536181275226393890234629118891325693
248221033990290609592896930171972671646579109442897465053083288448798147702291088569335588676333423436685168561478796927269156163324715491494676970069751 4790355925685778782590890518236746387332541120365067833847911054691052252756225473631126127553388105047832303044972309992800507504059514547384505087815419
3295284410790583003848118175640558177204435817852974714456070095034290268858309599512655411597081861667327219442985669816753248691204243375887063950993518 5291181411455567627233019235754855207639216852484748036381703987240977242142912656787758203219481110080462702975684153844693695254852712431585230333583507
8294103746114753482330469042175962567742019137857069206230474032326081853499970591467978621490319973224239656530342890872191332156847750071853966945213290 8754628114136740687198077767093782622228990394198168956577777050738366075686901618947093612095996160048372744041918154112205103881352266647009503449182533
3431173696581783972327606568877729270833849953451381331434662108299193505082344676407135811019698402149538095052625181219508164020805180579726625970260183 6111729910130757949369267707581766919646015133829266230955867872353941541911422343215723745069669226947305037134459947791328573017355100191847248725463213
1279293492470370304030515997866523077952553129194573431232517204784806987480217715982584420486160091749515301691280861275451897667115947064057936530817283 4788410438406119986019438350274482334025871149054468186850687228270655573005842101681084324568668743199552057389981667889386702320155807413955624364694633
95903772866997920514908844835586641767816171841734313076183363822973177824835087140220983809443330097212855874664711076979033140779388857917825607158833 3871005975970390257014608245329221053588794283582809139754665271703111796430898873356542238981192596894244686057792452897943027577011047306746587200468989
