1132221423152183121112111411112411121321121121522161221322232441222211321215111111512213132311112432132112111124227312111111311124111111311221124242111151221113112111114431113141132111327111211221114213133222113142111318122221113311131114112211323152111111312111111111121121111113322221121315121711111112222321313122112141111111112218121212131411112431321414211111121151221121311324411321242311421173211213142413322112323151217321121323244113212112141522732111313311111141222221121315121731121122231212131111321111111112
2122221414152183211112112311112432222112424111811211111112232441132211323241217112111111122311111113113132321224111811122221311111111141222221124242111151221113112111114431113111214211221116312321114244322211311321113273112111113311443131213113152181212313141113112121121211221211112221111123222211231113133211214113242181222222231111213122132112112241217312313111224432211111211321113273221122231111111311313231131511181222211133114432132112111124111811121321311124111111122221124241281212113223111111133221213113114128
2122221423152183211112111411112432222112131521812111111131132441222211321215111171211221122311111113113132321224227312111111311111111141222221121311422161221113112111114431113111214211131116311111113142131332221111241141118312113223111112123222141112111113216121121121121121111113322221121315121711111112132321313122112111221211112218122112131411112431111112112415221111331113132324411321242311421173121213141113133132141111124121711211313113121243211112323241283123213324133213212111121422732112222111111311113213113211
1132221414152183121112112311112411121321121121522161221322232441132211321215111171211221311311112432132121111124111811122221311111111141222221124242111111331121322111111311211111222112131113112163123112231113133213211211215112732112222112234122211141132111327121122111121112111113322221124241281212122223241312222231411422732112222312313122132121112241127312311221224432211111211321113273221113231111243213211213114112731121322111114432132121111124111811122221311124111111311221124241281221113223111111133221213113114128
2122221423152183121112111411112411121321121121521171221313232441222211321215111111512213132311112432132112111124111811121321311124111111311221124242111151221113112111111311211111222112424227311111113142131332221111242131118312113223111112121112211141132111121171221321121112111113322221121315121731111222231141332112231132412171121111121123244122211232324112111133123112212114412213212111125221612112112214241332221414152183211132231113411322142324227312113221122341213221121321113273222221111111131111321314231142117322
1132221414152183211112112311112432222112424111811211111131132441222211323241217121111111311311111113113112142324227312111111311111111141222221124242111151221113211111111311211111222112424227311111113142131332221111242131118312113223241114111311323111322111412111111111121112111113111213211211121422712111311211312313122211142311421173112222142413311111123232112218112212211232131311311214211121321173121213142413322112323151127321122223244122212112231522731211313324111111122221124241281212113223111111131111321111111112
2122221414152183121112111411112432222112424111812111111131132441222211323241217121111111311311112432132121111124111811122221311124111111122221121311422161221113211111114431113111214211221116312321114244322211311321113273112132211111131114112211323152111111312111113221212111111132131111242131281212122223111343221111121132412171211111122113244122211232121522115122131314123131132221124241283111122221111144113112113212152183121132231113411322142324227312113221122341213221121321113273222211211111131111322214231111221832
2122221423152183121112112311112411121321211121522161221322232441132211323241217121111111311311111113113132321224111811122221311111111141132221121311422111431121322111114431113111214211221116312321114244322211111142112218122221113311443131211111112111322111412111111111121121111113322221121315121711111112222321313122112141111111112218122112131424112121321414211111121151221121311324412221242321321173211213141113133111111142121511117121231323121243211112323241283123213324133213211211121411183111122133111311113222113211
1132221414152183211112112311112411121321211121522161221322232441132211321215111111512213132311112432132121111124227312113221122313313221121321111211711211111213321111131111113141132111327111213111114244322211111142111318122211213311131114112211323152111111111121121121121121111113111213212111121411117121111211223213432211142311112218121212131424112121321414213218112212211232443213211211125211712112211214244122221414152183211132232413113112142324111811121321311111111141222221121315121731121122231212133221213113114128
2122221423152183121112111411112432222112424111812111111131132441222211321215111111512213132311111113113132321224111811121321311124111111122221121311422161221113211111114431113141132111121116311111113113111313322221124241118321113223241114111311323152111111312111111111121121111113322221124241281221122223111343222231411411183111122221211413113112141415227312311221224411111222311321113273221113231111243213212113114121731121322111114432132121111124227312113221122313313221211321111218321121113311443132113111111111221832
2122221423152183121112112311112411121321121121521171221322232441132211323241217121111111122311111113113132321224111811121321311124111111122221124242111111331121322111114431113141132111121116312321114213133222212142111318122221113311131114112211323152111111312111113221212111111132221111242131281212122223241312222231411422732112222312311232132121112241127312311221224411111222311321113273221122231111243213212113114121731121322111114432132112111124227312111111311111111141222221121315121731121122231212131111321131131512
1132221423152183121112111411112432222112424111811211111131132441132211323241217112111111311311112432132112111124227312111111311111111141132221124242111151221113112111114431113111214211131116311111113113111313322221124241118321113223241114112211323152111111111121121121121121111113322221121315121711111112222321311232112111221211421173112222142441211111213232111318112212211232131311311214211111421173121213141113133132141111214121711211313113121243112112323241283123213324133213211211121422732112132111111311113222113211
1132221414152183211112111411112432222112131521811211111131132441222211321215111171211221311311112432132121111124227312113221122313313221211321113271212313212121111111322214142422711223222321121331113231131142216112231321212124313211111211214211731113221424412222141415218321113223241311313232111111321171121132223213432211142311112218121212131424112121111112111111221122181212311214241331312131131141127112231323111111112313223212114211111131222211211122112431312131111121111221111123222221111111443132113111111111221832
1132221414152183211112112311112411121321121121521171221313232441132211323241217121111111311311111113113132321224227312111111311111111141132221121311422111431121111133114431113141132111121116311111113113111313111213211211215112732112132112231332211111214211221171221321121112111113322221124241281221122223241312222231411411183111122221212313113112141415227312313111224411111222311321113273221113231111243213212113114112731121322111111313113112142324111811121321311124111111122221124241281212113223111111133221213113114128
2122221414152183211112111411112432222112131521812111111131132441222211321215111171211221122311112432132112111124111811122221311111111141132221124242111151221113112111114431113141132111121116311111113113111313111213211211215121732112132112234122211141132111327121121121121112111113111213212111121411117121111211223213432211142311421173111322142413311111213232111318112231111232131311313232112111221173121213142413322112323151127321121323244122212112231522731211313324111111122221124241281212113223241111322214231142117322
2122221414152183121112112311112432222112424111812111111112232441132211323241217112111111122311112432132112111124227312111111311124111111122221121311422161221113211111111311211111222112424227312321114244322211311321111218122211213311131114112211323111322111112121122111121112111113111213211211121411117121232211311413122222321211112218121212131424112121321414213218112212211232131311313232112142117122132214241332221414152183121132232413113132321224227312113221122313313221121321111218321111213311443132113111111142117322
2122221423152183211112111411112432222112131521811211111131132441222211321215111111512213132311112432132121111124111811122221311111111141132221121311422161221113211111114431113111214211131116311111113113111313322221124241118312113223111112123222141132422111112121122111121112111113111213212111121411117121232211312313122222321211421173112222142413311111213232111318112212211232131311311214211121321173211213141113133132141111124121711211313113121243112112323241283123213324133213212111121411183111311133111311113213113211
1132221423152183211112111411112432222112424111812111111112232441132211323241217112111111122311112432132112111124227312111111311124111111122221124242111111331121322111114431113111214211221116312321114213133222113142112218122221113311131114111311323152111111111121122111121112111113322221121315121731111222141141331122231112151111115122111122142413311111213232111318112212211232131311311214211121321173121213141113133111111142121511111151122313211121343111112132112111212111512123131412111131213211311111114218311131122112
1132221414152183121112112311112432222112131521811211111131132441222211323241217121111111311311111113113112142324111811121321311124111111122221121311422161221113211111111311211111222112131113111173123112231113133213212111215121732112132112234122211141132111327121121121121112111113322221124241281221122223241312221111121112151111712112222113244113211232121522111133123131112114412213211211125221612112112214241332221423152183211132231113411313142324227312113221122341213221211321111218321121113311443132111112121111221832
1132221423152183211112112311112411121321211121522161221313232441222211321215111111512213222311112432132121111124111811122221311124111111311221124242111111331121322111114431113111214211131116311111113113111313322221124241118321113223241114111311323152111111312111113221212124313211311321111218321121122311443211211121411411183111122221211413113112141415227312311221224411111222111142112218322222231111243213211213114112731121322111114432132121111124227312111111311111111141222221121315121711122222141212133221213113114128
wheel=[0, 1, 0, 1, 0, 0, 1, 1, 0, 0, 0, 1, 0, 1, 0, 1, 1, 1, 0, 0, 0, 1, 1, 1, 0, 0, 0, 0, 1, 0, 0, 0, 1, 0, 0, 1, 1, 0, 1, 1, 1, 0, 0, 1, 1, 1, 1, 1, 0, 0, 1, 0, 0, 0, 1, 1, 1, 1, 0, 0, 0, 1, 0, 1, 0, 0, 0, 0, 0, 0, 0, 0, 0, 0, 0, 0, 0, 0, 0, 0, 0, 0, 0, 0, 0, 0, 0, 0, 0, 0, 0, 0, 0, 0, 0, 0]
wheel=[0, 1, 0, 1, 0, 0, 1, 1, 0, 0, 0, 1, 0, 1, 0, 1, 1, 1, 0, 0, 0, 1, 1, 1, 0, 0, 0, 0, 1, 0, 0, 0, 1, 0, 0, 1, 1, 0, 1, 1, 1, 0, 0, 1, 1, 1, 1, 1, 0, 0, 1, 0, 0, 0, 1, 1, 1, 1, 0, 0, 0, 1, 0, 1, 0, 0, 0, 0, 0, 0, 0, 0, 0, 0, 0, 0, 0, 0, 0, 0, 0, 0, 0, 0, 0, 0, 0, 0, 0, 0, 0, 0, 0, 0, 0, 0]
i=0,num=1
i=1,num=1
i=2,num=1
i=3,num=2
i=5,num=2
i=7,num=3
i=10,num=1
i=11,num=1
i=12,num=1
i=13,num=1
i=14,num=3
i=17,num=3
i=20,num=3
i=23,num=4
i=27,num=1
i=28,num=3
i=31,num=1
i=32,num=2
i=34,num=2
i=36,num=1
i=37,num=3
i=40,num=2
i=42,num=5
i=47,num=2
i=49,num=1
i=50,num=3
i=53,num=4
i=57,num=3
i=60,num=1
i=61,num=1
i=62,num=1
i=63,num=1
wheel=[1, 0, 1, 0, 1, 1, 0, 0, 1, 1, 1, 0, 1, 0, 1, 0, 0, 0, 1, 1, 1, 0, 0, 0, 1, 1, 1, 1, 0, 1, 1, 1, 0, 1, 1, 0, 0, 1, 0, 0, 0, 1, 1, 0, 0, 0, 0, 0, 1, 1, 0, 1, 1, 1, 0, 0, 0, 0, 1, 1, 1, 0, 1, 0, 1, 1, 1, 1, 1, 1, 1, 1, 1, 1, 1, 1, 1, 1, 1, 1, 1, 1, 1, 1, 1, 1, 1, 1, 1, 1, 1, 1, 1, 1, 1, 1]
